100
0 1 0.48
1 7 1.6
2 10 0.72
3 8 1.9
4 3 0.96
5 7 0.57
6 8 0.49
7 2 1.9
8 10 1.2
9 9 0.69
10 7 1.2
11 6 0.71
12 5 0.38
13 10 1.3
14 7 0.006
15 5 0.19
16 3 1.4
17 6 1.5
18 6 0.71
19 1 2
20 7 2
21 10 1.1
22 3 1.7
23 1 1.2
24 3 0.18
25 7 0.29
26 10 1.4
27 6 0.72
28 9 1.1
29 7 1.1
30 7 0.24
31 9 1.4
32 5 0.24
33 6 0.53
34 6 0.91
35 7 1.4
36 4 0.35
37 5 0.61
38 10 0.93
39 4 1.8
40 4 0.25
41 8 0.016
42 9 0.043
43 8 0.48
44 7 1.4
45 7 1.2
46 4 1.3
47 2 1.4
48 4 0.53
49 1 1.6
50 4 1.7
51 1 0.34
52 10 1.4
53 6 1.5
54 3 0.081
55 2 1.2
56 5 1.8
57 2 1.7
58 9 1.4
59 5 1.5
60 1 2
61 5 0.035
62 4 0.29
63 5 1
64 2 1.2
65 9 1.4
66 4 1.8
67 6 1.2
68 4 1.9
69 5 1.3
70 9 0.21
71 7 1.7
72 3 0.9
73 9 0.69
74 6 0.68
75 1 0.51
76 8 1.2
77 2 1.1
78 4 1
79 1 1.9
80 2 0.78
81 7 0.89
82 3 0.16
83 2 1.8
84 5 1.4
85 5 1.6
86 5 1.6
87 9 1.5
88 7 0.78
89 4 1.4
90 3 0.056
91 7 0.52
92 8 1.5
93 8 0.78
94 3 1.6
95 10 1.4
96 9 1.1
97 6 0.26
98 7 1.2
99 2 1.3
