150
0 4 0.27
1 5 1.6
2 8 0.51
3 10 1.3
4 9 0.57
5 8 1
6 9 0.27
7 4 1.4
8 4 0.55
9 9 1.1
10 7 0.12
11 6 0.68
12 2 0.65
13 9 0.47
14 8 0.1
15 6 1.7
16 3 0.42
17 3 0.51
18 6 1.2
19 5 0.68
20 5 1.3
21 7 0.84
22 4 1.5
23 1 0.16
24 3 0.81
25 9 1.1
26 5 0.048
27 6 0.26
28 6 1.9
29 7 2
30 3 0.12
31 9 0.18
32 3 0.48
33 3 0.4
34 8 1.3
35 1 0.79
36 2 1.7
37 8 0.97
38 6 1.5
39 5 1.9
40 8 0.86
41 3 0.78
42 3 0.87
43 10 0.61
44 3 1.2
45 10 0.28
46 5 0.24
47 7 0.76
48 2 0.72
49 2 1.2
50 1 0.084
51 8 0.84
52 10 0.9
53 7 1
54 8 0.39
55 4 1.4
56 5 1.8
57 3 1.6
58 9 1.7
59 2 1.6
60 1 1.6
61 2 0.31
62 1 0.28
63 5 1.3
64 6 0.71
65 10 1.3
66 5 1.3
67 7 1.4
68 10 1.2
69 10 0.99
70 2 1.9
71 9 1.5
72 4 0.7
73 4 0.82
74 8 1
75 7 1.2
76 5 1.8
77 5 1.6
78 3 0.68
79 9 1
80 8 0.37
81 6 1.9
82 6 0.26
83 8 0.32
84 2 1.7
85 4 1.8
86 1 0.23
87 8 1.2
88 8 0.64
89 10 1
90 1 0.99
91 10 1.4
92 3 0.79
93 1 1.1
94 4 1.5
95 8 0.084
96 3 1.7
97 8 1.9
98 6 0.86
99 4 0.54
100 9 1.7
101 7 1.5
102 2 2
103 5 1.8
104 2 1.1
105 2 0.33
106 3 1.3
107 7 1.1
108 8 0.44
109 7 0.25
110 5 1.5
111 5 0.81
112 4 1.7
113 2 0.84
114 4 1.1
115 7 1.9
116 5 1.2
117 7 1.3
118 6 0.22
119 4 0.014
120 8 0.58
121 7 0.35
122 3 0.85
123 10 0.63
124 9 1.7
125 6 0.015
126 9 0.51
127 1 1.2
128 5 0.68
129 4 1.4
130 6 1.4
131 6 1.2
132 3 0.14
133 10 1.6
134 2 1.6
135 4 0.81
136 1 0.3
137 6 1.8
138 2 0.26
139 10 1.6
140 2 0.71
141 8 1.1
142 6 1.6
143 8 1
144 10 0.074
145 10 1.6
146 4 0.44
147 6 0.68
148 8 0.97
149 10 1.9
